1 0.07765625 0.168542 0.134375 0.22
1 0.25546875 0.1905205 0.08687500000000001 0.10999999999999999
1 0.329921875 0.16130175 0.05937500000000001 0.08666700000000001
1 0.375625 0.16203125 0.03250000000000003 0.04
1 0.4476953125 0.13416633333333333 0.02562500000000001 0.04166699999999999
1 0.4651171875 0.12619824999999998 0.021875000000000033 0.041666
1 0.6969140625 0.09015591666666667 0.018125000000000058 0.03083399999999999
1 0.7352734375 0.088125 0.02937500000000004 0.03250000000000001
1 0.8098046875 0.08270866666666667 0.03874999999999995 0.053333
1 0.9505078125 0.06859341666666667 0.073125 0.075834
