2 0.46546875 0.8532997920937043 0.4625 0.22514100000000006
2 0.695 0.5537167364568081 0.06437500000000007 0.0853660000000001
2 0.698203125 0.7399397057101025 0.06812499999999999 0.061914
2 0.7515625 0.7632083499267935 0.04749999999999999 0.07692299999999992
2 0.773046875 0.3221229941434846 0.05874999999999997 0.092871
2 0.7653515625 0.24504257686676428 0.03437499999999993 0.06097500000000001
2 0.78359375 0.7563437364568082 0.05500000000000005 0.08630400000000006
2 0.8165625 0.2807337364568082 0.04749999999999999 0.08630399999999998
2 0.948046875 0.43656999414348463 0.05937500000000007 0.09287100000000004
2 0.9894140625 0.5430559633967789 0.018750000000000044 0.06941799999999997
