1 0.1021875 0.7920034419970631 0.1725 0.19002900000000006
1 0.330390625 0.7146810058737151 0.05125000000000002 0.08278499999999997
1 0.3661328125 0.7081650044052864 0.04249999999999998 0.06208899999999997
1 0.3896484375 0.70041028928047 0.029374999999999984 0.051739999999999994
1 0.402734375 0.6955914317180617 0.013124999999999998 0.044214999999999983
1 0.4178125 0.6930681453744494 0.016250000000000042 0.036687999999999936
1 0.428515625 0.6937104317180616 0.020625000000000004 0.04421400000000009
1 0.436015625 0.6907735741556534 0.020625000000000004 0.03857000000000015
1 0.5613671875 0.6934807165932453 0.021874999999999978 0.032926000000000046
1 0.5991015625 0.6993544317180617 0.03500000000000003 0.04609599999999989
1 0.6197265625 0.7008228604992658 0.03500000000000003 0.04985900000000001
1 0.6562109375 0.7183301483113068 0.04625000000000001 0.07902100000000004
1 0.8648046875 0.801824013215859 0.16312500000000008 0.185325
