2 0.231796875 0.4972473806734993 0.15249999999999997 0.10225199999999994
2 0.4395703125 0.44597693265007315 0.026874999999999982 0.045027999999999985
2 0.4608984375 0.43307144802342606 0.030625000000000013 0.05722400000000003
2 0.488046875 0.4451531903367496 0.028124999999999956 0.05065600000000001
2 0.5558984375 0.43618406149341143 0.02937500000000004 0.049719000000000006
2 0.570625 0.39625793265007325 0.03312499999999996 0.04408999999999997
2 0.5770703125 0.4317916749633968 0.02562500000000001 0.040337999999999936
2 0.603671875 0.4117940614934114 0.028125000000000067 0.04971800000000003
2 0.7837109375 0.4355436749633968 0.01375000000000004 0.040337999999999936
2 0.80625 0.43870044802342606 0.03249999999999997 0.058160999999999956
2 0.8097265625 0.40676128843338216 0.03500000000000003 0.03001899999999998
2 0.8338671875 0.43870044802342606 0.02312499999999995 0.058160999999999956
2 0.981875 0.41659831918008783 0.03312499999999996 0.05534700000000003
2 0.9924609375 0.3893501595900439 0.01375000000000004 0.027204
