1 0.1162109375 0.9409895833333334 0.233125 0.11416699999999998
1 0.1708984375 0.7627086666666667 0.343125 0.3025
1 0.34968750000000004 0.8576559166666667 0.360625 0.28083400000000003
1 0.345 0.6523955 0.15625 0.20499999999999993
1 0.4 0.7183333333333334 0.0625 0.04333299999999992
1 0.489765625 0.7005729166666667 0.23875000000000002 0.21666699999999994
1 0.495 0.91703125 0.15749999999999997 0.1641670000000001
1 0.5859375 0.7710940833333334 0.17312499999999997 0.15916599999999992
1 0.757734375 0.8789586666666667 0.48187500000000005 0.24000000000000007
1 0.6603125 0.63125 0.234375 0.189167
1 0.68125 0.7832291666666666 0.15749999999999997 0.161667
1 0.777265625 0.652708 0.11499999999999999 0.09500000000000004
1 0.8608203125 0.6691142500000001 0.27625 0.22749999999999995
