2 0.016927083333333332 0.178828125 0.035 0.03562499999999999
2 0.033125 0.2902734375 0.031666999999999994 0.029374999999999984
2 0.03755175 0.1800390625 0.025834 0.01874999999999999
2 0.07770866666666666 0.3916796875 0.05416599999999999 0.03750000000000003
2 0.23359408333333334 0.2940234375 0.15916599999999997 0.06125000000000003
2 0.1934375 0.3550390625 0.04749999999999999 0.049375
2 0.35031249999999997 0.85828125 0.26666700000000004 0.16562500000000002
2 0.24239616666666666 0.3641796875 0.036665999999999976 0.03749999999999998
2 0.2813545 0.5138671875 0.11166599999999997 0.05312500000000003
2 0.31916633333333333 0.3206640625 0.168334 0.049375
2 0.2932295 0.40546875 0.07916600000000003 0.05499999999999999
2 0.28661491666666666 0.3571484375 0.060833000000000026 0.030624999999999958
2 0.34687466666666666 0.5985546875 0.1775 0.10125000000000006
2 0.4821878333333333 0.4466015625 0.4025 0.128125
2 0.5880208333333333 0.6469140625 0.5283329999999999 0.299375
2 0.5138545 0.3453125 0.11166600000000004 0.04749999999999999
2 0.87015625 0.3984375 0.07250000000000008 0.04749999999999999
2 0.9211979166666667 0.3858203125 0.12250000000000005 0.05687500000000001
2 0.9766663333333333 0.4882421875 0.04333400000000006 0.05312500000000003
