2 0.5712893125 0.38367099413489736 0.05703099999999994 0.08675300000000001
2 0.6576176875 0.45927413489736074 0.0382809999999999 0.044548999999999964
2 0.6724604375 0.3616768592375366 0.029688000000000048 0.04220400000000005
2 0.6783205625 0.32064896187683284 0.033593000000000095 0.05392700000000003
2 0.684766125 0.42791541055718474 0.035937 0.048066000000000046
2 0.701171875 0.36900823753665685 0.028905999999999987 0.05744399999999999
2 0.725 0.4710043401759531 0.0625 0.067995
2 0.712890125 0.3294394105571848 0.035156999999999994 0.04806599999999996
2 0.779688 0.39453688563049855 0.125 0.16060899999999995
2 0.8843745 0.37458937243401763 0.07968800000000009 0.10082099999999998
