1 0.039453125 0.8034250000000001 0.035625000000000004 0.025800999999999873
1 0.0651171875 0.8423336666666666 0.084375 0.059609000000000065
1 0.135 0.8175314444444445 0.06375000000000001 0.06405699999999984
1 0.1472265625 0.8338277777777777 0.065625 0.057829000000000026
1 0.2602734375 0.8060742222222224 0.030624999999999986 0.07117499999999997
1 0.311875 0.7935104444444444 0.0625 0.06583600000000002
1 0.3296875 0.8171413333333332 0.078125 0.0693950000000001
1 0.376171875 0.8110221111111111 0.02812500000000001 0.072954
1 0.4515234375 0.7860023333333334 0.030625000000000013 0.06939499999999994
1 0.4782421875 0.7699433333333333 0.053749999999999964 0.04181500000000003
1 0.527578125 0.7945729999999999 0.06812499999999999 0.05249100000000008
1 0.5558203125 0.7840057777777777 0.02562500000000001 0.05693900000000001
1 0.8958984375 0.7642152222222223 0.02937500000000004 0.04715299999999997
1 0.9271484375 0.7566631111111112 0.06125000000000003 0.022241999999999963
1 0.9577734375 0.7735023333333334 0.06125000000000003 0.04359400000000006
1 0.9640234375 0.7480924444444443 0.030625000000000013 0.04092500000000001
