2 0.053614062500000004 0.0826021506849315 0.08144799999999999 0.137566
2 0.0948800625 0.20035138812785386 0.113122 0.126984
2 0.09638806250000001 0.782881493150685 0.11161399999999999 0.13051199999999993
2 0.125403875 0.862246493150685 0.122172 0.13051199999999993
2 0.1852034375 0.809336493150685 0.12368 0.13051199999999993
2 0.811407375 0.813383598173516 0.10708899999999999 0.13580199999999995
2 0.87307375 0.8628689406392694 0.11764700000000006 0.12874799999999995
2 0.8968479375 0.19007741552511415 0.10859799999999997 0.10582
2 0.9057243125 0.7807007305936072 0.12066300000000008 0.11992999999999998
2 0.9501598125 0.07212349315068493 0.07390699999999994 0.13227500000000003
