2 0.22984375 0.5815118637770897 0.02437499999999998 0.03472200000000007
2 0.2490625 0.5125038761609908 0.016875 0.032737999999999934
2 0.2701171875 0.6190908885448916 0.02312499999999995 0.02877
2 0.2758203125 0.6423439009287926 0.026874999999999982 0.027778000000000014
2 0.3933203125 0.2184168637770898 0.02562500000000001 0.03472199999999998
2 0.3989453125 0.2432178637770898 0.02562500000000001 0.03472300000000001
2 0.4196875 0.34627288854489163 0.016249999999999987 0.028770000000000042
2 0.437890625 0.27905283900928796 0.020625000000000004 0.040674000000000016
2 0.8901171875 0.580639839009288 0.02312499999999995 0.04067399999999997
2 0.9078125 0.5125038761609908 0.01749999999999996 0.032737999999999934
2 0.9282421875 0.6171068885448916 0.023125000000000062 0.02876899999999997
2 0.9370703125 0.6400438637770898 0.02562500000000001 0.03472199999999998
