1 0.15628906250000002 0.3723440833333333 0.17562499999999998 0.09666600000000003
2 0.29296875 0.5844788333333334 0.58625 0.30833399999999994
2 0.0920703125 0.967083 0.08875 0.06333400000000007
2 0.226796875 0.8930725833333334 0.027499999999999997 0.04999999999999982
2 0.5501171875 0.59203125 0.02312499999999995 0.03916699999999995
2 0.73515625 0.8209892499999999 0.07125000000000004 0.07083400000000006
2 0.89203125 0.5628125 0.009374999999999911 0.017499999999999998
2 0.9092578125 0.89125 0.04249999999999998 0.06333299999999993
2 0.9011328125 0.5427083333333332 0.010000000000000009 0.012500000000000103
2 0.9066796875 0.5598434166666667 0.006249999999999978 0.01416700000000004
2 0.9876171875 0.66338575 0.022499999999999964 0.02416600000000006
