1 0.4365234375 0.9390162825768668 0.874375 0.12007499999999995
1 0.1062890625 0.20019793265007318 0.018125000000000002 0.04408999999999999
1 0.15828124999999998 0.34580350951683747 0.1025 0.10412800000000001
1 0.1696484375 0.20680909224011712 0.029375000000000012 0.07317100000000001
1 0.2297265625 0.21120147877013176 0.09625 0.08067499999999998
1 0.2293359375 0.36989589604685214 0.076875 0.11350800000000003
1 0.3383203125 0.2711953191800879 0.05812499999999998 0.053469999999999976
1 0.4237890625 0.335414411420205 0.17562499999999998 0.12476599999999997
1 0.5320703125 0.25273093265007324 0.05687500000000001 0.045966
1 0.582578125 0.2502587057101025 0.0681250000000001 0.06378999999999994
1 0.8175390625 0.62139121522694 0.36250000000000004 0.16510300000000003
