2 0.4115625 0.606319111111111 0.07937500000000003 0.06888900000000003
2 0.5708984375 0.5709725555555556 0.06125000000000003 0.04999999999999992
2 0.6650390625 0.236736 0.018124999999999947 0.03444499999999998
2 0.6668359375 0.17138844444444445 0.014374999999999916 0.015555999999999978
2 0.682109375 0.19486066666666668 0.011874999999999969 0.02333399999999999
2 0.687109375 0.12631933333333334 0.011874999999999969 0.013333000000000015
2 0.690234375 0.26374966666666666 0.013125000000000053 0.02333399999999999
2 0.7028125 0.12708366666666668 0.01750000000000007 0.023333000000000024
2 0.7212890625 0.1990972222222222 0.018124999999999947 0.04111100000000002
2 0.7362109375 0.23277788888888887 0.014375000000000027 0.027778000000000032
