2 0.126953125 0.7253703016105418 0.255 0.32739199999999996
2 0.3080859375 0.2133750922401171 0.044999999999999984 0.073171
2 0.425625 0.18125257686676427 0.03187500000000004 0.05909900000000003
2 0.6662890625 0.21458576720351388 0.08062500000000006 0.11069399999999999
2 0.658046875 0.09472106149341142 0.028124999999999956 0.04878
2 0.816328125 0.6241533382137627 0.161875 0.25797300000000006
2 0.83 0.9347381537335285 0.15625 0.11725999999999998
2 0.7719140625 0.039969288433382134 0.01937499999999992 0.030957000000000005
2 0.82359375 0.3956185461200586 0.024375000000000036 0.03658499999999998
2 0.885625 0.4214726749633968 0.03187499999999999 0.03846199999999999
2 0.9822265625 0.32425344802342604 0.03375000000000006 0.056285
