1 0.2104296875 0.8268746666666668 0.35 0.178334
1 0.276796875 0.7765621666666668 0.30875 0.16333399999999987
1 0.31359375 0.7386455 0.275 0.14083400000000004
1 0.2533984375 0.5447395833333334 0.030624999999999986 0.04999999999999997
1 0.3778125 0.6973958333333332 0.20500000000000002 0.12166700000000004
1 0.391875 0.6549996666666668 0.18875000000000003 0.08416700000000003
1 0.4364453125 0.6411975833333333 0.15124999999999994 0.08249999999999995
1 0.5051953124999999 0.570625 0.21312499999999995 0.15666700000000003
1 0.75171875 0.592917 0.15000000000000002 0.06499999999999995
1 0.7563671875 0.5521878333333333 0.14687499999999998 0.02750000000000008
