2 0.0953125 0.618125 0.14125000000000001 0.15833299999999997
2 0.157421875 0.47494758333333337 0.09124999999999998 0.14499999999999993
2 0.179765625 0.38140625 0.08249999999999999 0.135
2 0.23046875 0.6888538333333334 0.14875 0.15333399999999994
2 0.2241796875 0.8894270833333334 0.1325 0.16
2 0.280390625 0.7556770833333334 0.17625000000000002 0.2233330000000001
2 0.23921875 0.46494758333333336 0.08624999999999997 0.143334
2 0.621875 0.81390625 0.21875 0.2583329999999999
2 0.73609375 0.9245836666666666 0.18125000000000002 0.14666600000000005
2 0.73390625 0.7644788333333333 0.13375000000000004 0.18333400000000002
2 0.7654296875 0.515833 0.07000000000000006 0.125
2 0.826328125 0.5811975833333333 0.16125 0.20666700000000007
2 0.8330859375 0.6972399166666667 0.07750000000000001 0.0916660000000001
