1 0.029411764705882353 0.857600875 0.060215 0.1528569999999999
1 0.18823529411764706 0.6841124375 0.37849499999999997 0.21714300000000009
1 0.4588235294117647 0.5301335 0.92043 0.20428600000000002
1 0.4502373529411764 0.7655968125 0.46236499999999997 0.26
1 0.672169588235294 0.53162975 0.15483900000000012 0.05571400000000004
1 0.682590294117647 0.5977061875 0.12688200000000002 0.08571499999999999
1 0.8352624705882353 0.5703288125 0.184946 0.10428599999999999
1 0.8690068823529413 0.4848665 0.1311829999999998 0.04857100000000003
1 0.9579858823529411 0.4489344375 0.07956900000000008 0.02999999999999997
1 0.9600251176470589 0.5083203125 0.07311799999999999 0.05857100000000004
