1 0.188671875 0.9596427195301028 0.185 0.07612799999999982
1 0.3556640625 0.9840808590308369 0.17562500000000003 0.028194999999999956
1 0.4740625 0.9029580058737151 0.17187500000000006 0.0827069999999999
1 0.4766796875 0.9433120073421439 0.13187499999999996 0.10432399999999993
1 0.573046875 0.927863436123348 0.12250000000000005 0.10808299999999996
1 0.609375 0.883632577092511 0.125625 0.08082699999999998
1 0.6724609375 0.9171728634361235 0.10875000000000001 0.08834600000000004
1 0.815625 0.8869810058737151 0.12687499999999996 0.08458600000000019
1 0.8780859375 0.8869810058737151 0.07687500000000003 0.0827060000000001
1 0.93625 0.9293897239353891 0.125625 0.13721799999999987
1 0.92953125 0.874645148311307 0.10249999999999992 0.07894799999999988
1 0.9786328125 0.8517965741556534 0.04125000000000001 0.03853400000000006
