2 0.1361195189504373 0.644401375 0.059702000000000005 0.10666599999999993
2 0.20173213411078716 0.6473310625 0.10696499999999995 0.11166599999999993
2 0.2427218309037901 0.5237109375 0.17412999999999998 0.10833300000000001
2 0.26298551895043737 0.7533720625 0.05970099999999998 0.08166700000000005
2 0.2839157930029154 0.976484375 0.05721400000000005 0.043333000000000066
2 0.3822002011661808 0.7330205 0.15920399999999998 0.10999999999999999
2 0.44096558600583097 0.9245185625 0.11193999999999991 0.09666600000000003
2 0.5367619941690962 0.603203125 0.21393100000000007 0.06666700000000003
2 0.48626369679300296 0.7336591875 0.06965199999999992 0.08499999999999996
2 0.5360007492711371 0.894167 0.1542289999999999 0.12666599999999995
2 0.6779800670553936 0.5622265625 0.054726999999999956 0.06499999999999995
2 0.7306475189504373 0.73015625 0.05970099999999998 0.07166700000000004
2 0.9562393265306123 0.7788408125 0.08208899999999995 0.04166700000000001
