2 0.1987109375 0.45707551537335284 0.014374999999999999 0.013134000000000024
2 0.2471875 0.4509655461200586 0.016874999999999973 0.03658499999999998
2 0.268125 0.4490895461200586 0.03187499999999999 0.03658499999999998
2 0.268125 0.3979064172767203 0.033125000000000016 0.034709000000000025
2 0.2862109375 0.2893870307467057 0.01375000000000004 0.025328000000000045
2 0.294296875 0.3318285461200586 0.02812500000000001 0.03658499999999998
2 0.30125 0.4652209019033675 0.03187499999999999 0.022514000000000034
2 0.3233984375 0.40477103074670573 0.030624999999999958 0.02532799999999996
2 0.3225390625 0.2998192884333821 0.01937500000000003 0.03095700000000004
2 0.3332421875 0.32743615959004396 0.023125000000000007 0.029080999999999965
2 0.3467578125 0.5402679019033675 0.011250000000000038 0.020638
2 0.35609375 0.43531615959004394 0.024375000000000036 0.02907999999999995
2 0.3517578125 0.5232676442166911 0.010624999999999996 0.015947999999999952
2 0.366796875 0.3631974172767204 0.02749999999999997 0.03470899999999998
2 0.3739453125 0.6175326749633968 0.02562500000000001 0.04033800000000002
2 0.390390625 0.4958792884333822 0.020000000000000018 0.030956999999999957
2 0.4046875 0.4652209019033675 0.01687500000000003 0.022514000000000034
2 0.4056640625 0.5268362884333821 0.018125000000000002 0.030956999999999957
2 0.4225390625 0.4652209019033675 0.018125000000000002 0.022514000000000034
2 0.4262890625 0.5370410307467057 0.018125000000000002 0.025328999999999935
2 0.4588671875 0.4798180307467057 0.023125000000000007 0.025328000000000045
2 0.4581640625 0.5095384172767203 0.019374999999999976 0.03471
2 0.5031640625 0.475654159590044 0.01937500000000003 0.027203999999999916
2 0.6183984375 0.5090746691068815 0.12437500000000001 0.1313319999999999
2 0.7326953125 0.41209167496339677 0.02562500000000001 0.04033800000000002
2 0.7747265625 0.4150199326500732 0.03374999999999995 0.04408999999999993
2 0.8102734375 0.338693159590044 0.02937499999999993 0.027203999999999957
2 0.81625 0.4588824172767203 0.03312499999999996 0.03470900000000011
2 0.8545703125 0.43190593265007315 0.02562500000000001 0.04502800000000007
2 0.8745703125 0.471716803806735 0.02562500000000001 0.04221400000000006
2 0.892265625 0.4314940614934114 0.020625000000000004 0.04690400000000002
