2 0.095390625 0.38686901028277637 0.145 0.25349800000000006
2 0.1509375 0.6728936812339331 0.11124999999999999 0.190946
2 0.20328125 0.1889531285347044 0.13375 0.14979499999999998
2 0.4455859375 0.4554628637532133 0.17125 0.1621400000000001
2 0.4337109375 0.25865316966580976 0.14 0.15802499999999997
2 0.5813671875 0.07702957583547558 0.08499999999999996 0.10864199999999999
2 0.621875 0.643883293059126 0.1256250000000001 0.18024700000000002
2 0.741875 0.20402708740359896 0.09562500000000007 0.14321
2 0.8062109375 0.26467312853470437 0.10750000000000004 0.149795
2 0.9098046875 0.7566193984575835 0.16312499999999996 0.26419799999999993
