2 0.1023369249658936 0.8172265625 0.074236 0.06499999999999995
2 0.32917621009549797 0.3043359375 0.193887 0.13875000000000004
2 0.310191028649386 0.558828125 0.11965100000000004 0.09937499999999999
2 0.474167002728513 0.661328125 0.10742299999999994 0.0668749999999999
2 0.5728452100954979 0.5840625 0.19563300000000003 0.14187499999999997
2 0.6292363628922238 0.416640625 0.1545859999999999 0.145625
2 0.5837256425648021 0.688515625 0.06026200000000011 0.05125000000000002
2 0.7912542073669849 0.5680859375 0.08820999999999996 0.04625000000000001
2 0.9342178731241474 0.356328125 0.05240199999999999 0.036250000000000004
2 0.9533233601637108 0.4291015625 0.04716200000000001 0.03375
