1 0.14671875 0.8683556350364964 0.27375 0.208217
1 0.01171875 0.6374992481751824 0.02375 0.03641500000000001
1 0.060859375 0.6107106861313868 0.043750000000000004 0.028945000000000044
1 0.2237109375 0.631490102189781 0.076875 0.04014900000000011
1 0.274765625 0.6125786861313869 0.020625000000000004 0.027077000000000028
1 0.3889453125 0.5786095620437957 0.02562500000000001 0.010269999999999972
1 0.5391406249999999 0.6219156861313869 0.08312500000000006 0.02894499999999996
1 0.5658203125 0.6077909781021897 0.05812499999999998 0.022409000000000005
1 0.5585546875 0.5848561240875912 0.03874999999999995 0.017740999999999982
1 0.7000390625 0.6188252481751826 0.018124999999999947 0.03641499999999993
