2 0.731796875 0.4963669712722298 0.15374999999999994 0.25831899999999997
2 0.198671875 0.45051973734610123 0.06 0.06655000000000001
2 0.2125 0.3861047482900137 0.0625 0.06479899999999998
2 0.253515625 0.42320968262653896 0.05250000000000002 0.08056000000000009
2 0.3002734375 0.31194460601915186 0.12437499999999999 0.098949
2 0.27984375 0.35956071545827634 0.05562499999999998 0.07180400000000002
2 0.4112109375 0.26236271545827633 0.04562500000000003 0.07355499999999998
2 0.476640625 0.20150680300957594 0.05124999999999996 0.05166299999999998
2 0.5775 0.6155796497948016 0.09499999999999997 0.09019200000000004
2 0.591328125 0.6961925512995897 0.09875 0.11471099999999994
2 0.607578125 0.5022366388508892 0.06687500000000002 0.0928189999999999
2 0.6530078125 0.5884865512995895 0.07250000000000001 0.11296000000000007
2 0.749921875 0.27801156224350204 0.05875000000000008 0.111209
2 0.748515625 0.17698462790697675 0.05125000000000002 0.09457099999999997
