1 0.54453125 0.8311362825768667 0.16562500000000002 0.12195100000000007
1 0.0682421875 0.6592205461200585 0.021875 0.03658499999999998
1 0.15640625 0.6952103191800878 0.04000000000000001 0.05347000000000002
1 0.2178125 0.7210644480234261 0.047500000000000014 0.05816100000000004
1 0.4876171875 0.637004159590044 0.05375000000000002 0.027205000000000052
1 0.5645703125 0.6261600307467057 0.02562500000000001 0.025328000000000045
1 0.57125 0.6242830307467057 0.03249999999999997 0.0253290000000001
1 0.687109375 0.6205310307467057 0.013124999999999942 0.023452000000000094
1 0.7423046875 0.6430891903367497 0.038124999999999964 0.0506569999999999
1 0.900390625 0.6916416749633968 0.05125000000000002 0.038461000000000016
