1 0.607890625 0.5242965358711567 0.458125 0.694184
1 0.0078125 0.1607288345534407 0.01625 0.06472800000000001
1 0.03203125 0.16553309224011714 0.039999999999999994 0.07035600000000002
1 0.0593359375 0.16084309224011714 0.045000000000000005 0.07316999999999999
1 0.094453125 0.17578199414348464 0.06812499999999999 0.09193199999999999
1 0.13289062499999998 0.18790689604685215 0.051250000000000004 0.11350899999999997
1 0.166328125 0.19522754026354322 0.06812500000000002 0.12851800000000002
1 0.2416015625 0.21970585944363102 0.12812500000000002 0.18011299999999997
1 0.30355468750000003 0.24013356515373352 0.163125 0.241088
1 0.416640625 0.28636352269399706 0.27 0.40056299999999995
