2 0.0302734375 0.5981043499267935 0.06125 0.07692399999999998
2 0.03359375 0.6279659326500732 0.05625 0.04596600000000004
2 0.1578125 0.6324715768667643 0.047500000000000014 0.05910000000000007
2 0.1858203125 0.6677077057101024 0.02687500000000001 0.062851
2 0.1978125 0.5892063191800879 0.04874999999999999 0.05347099999999991
2 0.19734375 0.4410584172767204 0.02437499999999998 0.03470899999999994
2 0.21703125 0.4024130614934114 0.040624999999999994 0.047841999999999996
2 0.235234375 0.7308573191800878 0.04375000000000001 0.05440900000000005
2 0.3427734375 0.42286670571010254 0.029374999999999984 0.061913999999999914
2 0.4249609375 0.7019347364568082 0.07687499999999997 0.08536600000000001
2 0.548203125 0.5856818345534408 0.03562500000000002 0.06566599999999999
2 0.6151953125 0.5867340922401171 0.057499999999999996 0.0712940000000001
2 0.693984375 0.3662830922401171 0.04375000000000007 0.07035700000000004
2 0.7251171875 0.7995388960468521 0.08562500000000006 0.11163300000000008
2 0.8628125 0.6913171229868228 0.07937499999999997 0.09380900000000002
2 0.981328125 0.40781354612005855 0.03562500000000002 0.03658499999999998
2 0.983125 0.5893195768667643 0.03187499999999999 0.05910000000000007
