1 0.0146484375 0.9604164444444445 0.029375 0.07666699999999989
1 0.0361328125 0.8434028888888888 0.0725 0.31
1 0.0400390625 0.7165282222222222 0.081875 0.38444399999999995
1 0.0400390625 0.7434028888888888 0.081875 0.312222
1 0.0419921875 0.6074304444444444 0.085625 0.23444500000000001
1 0.2974609375 0.5657635555555556 0.20249999999999999 0.20777799999999993
1 0.35515625 0.596596888888889 0.22812499999999997 0.2477779999999999
1 0.3940625 0.732639111111111 0.2975 0.41000000000000003
1 0.4230078125 0.6170837777777778 0.25999999999999995 0.24444400000000005
1 0.5851171875000001 0.5509028888888889 0.24062499999999992 0.18666700000000003
1 0.64484375 0.558125 0.2437499999999999 0.15888899999999997
1 0.7610546875 0.871667 0.47562499999999996 0.25222199999999995
1 0.723125 0.6547913333333333 0.21999999999999997 0.325556
1 0.8523828125 0.6679171111111111 0.2925 0.28666600000000003
1 0.921796875 0.677222 0.15375000000000005 0.251111
