2 0.0771484375 0.9462536480938417 0.155 0.10412799999999989
2 0.3221875 0.8325085454545456 0.046875 0.09099499999999998
2 0.332578125 0.6608946158357771 0.036250000000000004 0.07316999999999996
2 0.33484375 0.7227441348973607 0.02437499999999998 0.04409100000000001
2 0.40265625 0.7718797888563049 0.03937499999999999 0.06191400000000008
2 0.426171875 0.820660788856305 0.02812500000000001 0.06285100000000013
2 0.4465234375 0.7551674105571847 0.030625000000000013 0.04784299999999997
2 0.5427734375 0.04345158357771261 0.030625000000000013 0.040338
2 0.6025 0.08337985923753666 0.03187499999999999 0.042213999999999995
2 0.641171875 0.020819032258064515 0.028750000000000053 0.03471
2 0.71921875 0.154618788856305 0.05499999999999994 0.06379
2 0.7314453125 0.1167411348973607 0.026874999999999982 0.045028000000000026
2 0.75609375 0.12430020527859237 0.024375000000000036 0.025328999999999997
