2 0.0390625 0.2974614375 0.078125 0.248437
2 0.0966796875 0.11171875 0.195312 0.15
2 0.1904296875 0.692578625 0.382812 0.457812
2 0.299609375 0.3361323125 0.3875 0.401563
2 0.5224609375 0.90078125 0.639063 0.19531300000000007
2 0.32714893749999996 0.0546875 0.171874 0.109375
2 0.5947260624999999 0.5333984375 0.425001 0.49843699999999996
2 0.532813 0.0498046875 0.12656200000000006 0.101562
2 0.870703125 0.08203125 0.254688 0.165625
2 0.8791020625 0.7919926875 0.23750000000000004 0.4125000000000001
