2 0.20963541666666666 0.5187906666666667 0.421569 0.5833339999999999
2 0.11256591666666667 0.19824891666666666 0.09150399999999999 0.06209100000000001
2 0.17149225 0.12967208333333333 0.04084899999999999 0.035948
2 0.21652925 0.049249583333333326 0.07189499999999997 0.050653000000000004
2 0.5135311666666666 0.22791575 0.6013069999999999 0.43137200000000003
2 0.72704725 0.68926125 0.54085 0.47875899999999993
2 0.7766799166666667 0.36654891666666667 0.06045799999999998 0.06045799999999998
2 0.8625915000000001 0.12014883333333333 0.07843199999999999 0.05882399999999999
2 0.8649405 0.393076 0.047386000000000074 0.03268000000000004
2 0.9662475 0.25025516666666664 0.04901999999999992 0.037582000000000004
2 0.9721196666666666 0.3263381666666667 0.052288000000000036 0.068627
