2 0.03513909224011713 0.8164061875 0.073206 0.11621099999999995
2 0.048316251830161056 0.559570125 0.096633 0.06738299999999997
2 0.1932646383601757 0.400391125 0.10688199999999998 0.067382
2 0.3308935036603221 0.6523436875 0.19472899999999996 0.13183599999999995
2 0.34406995754026354 0.959961375 0.16105400000000003 0.07617099999999999
2 0.349926411420205 0.382812 0.124451 0.125
2 0.4875551171303075 0.487304375 0.1874079999999999 0.13671900000000003
2 0.49048266910688143 0.720703 0.13030799999999998 0.09375
2 0.5270864729136163 0.629882625 0.171303 0.11425799999999997
2 0.5797948594436311 0.297852 0.18008800000000003 0.12695299999999998
2 0.6764272767203514 0.7304685 0.21083499999999997 0.141602
2 0.6808203440702782 0.5722651875 0.1683739999999999 0.11621099999999995
2 0.7628111171303075 0.8554689375 0.18740800000000007 0.13867200000000002
2 0.7789166325036603 0.964844125 0.199121 0.06738199999999994
2 0.8345531844802342 0.2187503125 0.14202100000000006 0.08886700000000003
2 0.9326496691068814 0.4580080625 0.13030799999999998 0.11230400000000001
