2 0.1312448620689655 0.6800804375 0.10043700000000001 0.029629999999999934
2 0.15652713793103448 0.642785 0.10917099999999999 0.03209899999999999
2 0.1680173103448276 0.281370625 0.08296899999999999 0.020988000000000007
2 0.22892668965517246 0.2319324375 0.11790399999999998 0.030864000000000003
2 0.2204183103448276 0.6948954375 0.08296999999999999 0.029629999999999934
2 0.26961289655172416 0.9397449375 0.17903900000000003 0.045679000000000025
2 0.31328089655172414 0.247208125 0.17903999999999995 0.03703699999999999
2 0.35993068965517244 0.623751125 0.12227099999999995 0.035802
2 0.43669624137931035 0.3563098125 0.13537099999999996 0.04197600000000001
2 0.5281736206896552 0.6152561875 0.1659389999999999 0.05308599999999997
2 0.5433366896551723 0.7464338125 0.1179040000000001 0.041974999999999985
2 0.5966574137931034 0.829720875 0.11353699999999996 0.028394999999999948
2 0.6341209655172414 0.588151375 0.126638 0.04320999999999997
2 0.6456101379310345 0.8116635625 0.10917100000000003 0.033332999999999946
2 0.6697480689655173 0.038713187499999996 0.15283899999999997 0.05432100000000001
2 0.7984491379310344 0.8019898125 0.1091699999999999 0.041974999999999985
2 0.8131609655172414 0.147724 0.13100400000000004 0.032099000000000016
2 0.7943077586206896 0.7514831875 0.07423600000000007 0.022221999999999964
2 0.8366057931034483 0.771696875 0.14847200000000013 0.02839500000000006
2 0.8421171379310346 0.727971 0.10480299999999985 0.03209799999999996
2 0.8664806896551724 0.6393394375 0.11790400000000001 0.03086500000000003
2 0.8995782413793104 0.532909 0.13537099999999988 0.03209899999999999
2 0.9276166896551723 0.486714125 0.1179040000000001 0.035802
