2 0.062578125 0.4615120614934114 0.036250000000000004 0.046904999999999995
2 0.09886718750000001 0.5637812825768668 0.08562499999999998 0.12101300000000001
2 0.0909765625 0.4316514787701318 0.03375 0.08067499999999998
2 0.13671875 0.4702007979502196 0.0875 0.13414700000000004
2 0.263984375 0.167497411420205 0.075625 0.124765
2 0.3665234375 0.7451999941434846 0.09250000000000003 0.090995
2 0.406171875 0.6952103191800878 0.02812500000000001 0.05440900000000005
2 0.4533984375 0.6585100614934114 0.030625000000000013 0.04784299999999997
2 0.6696875 0.6956835710102489 0.07937499999999997 0.15196999999999988
2 0.7542578125 0.745682963396779 0.07374999999999998 0.06848
2 0.7934375 0.7084134172767205 0.016874999999999973 0.032832999999999994
2 0.8171484375 0.6796223133235725 0.06187500000000001 0.14634100000000014
