2 0.330078125 0.18619791666666666 0.661875 0.3725
2 0.14046875 0.5197399166666666 0.08625 0.09166600000000003
2 0.5816015625 0.4684378333333334 0.06625000000000003 0.09000000000000001
2 0.782265625 0.048177083333333336 0.23875000000000002 0.09749999999999999
2 0.7479296875 0.2696354166666666 0.03874999999999995 0.045000000000000005
2 0.802265625 0.5950520833333334 0.08250000000000002 0.06666700000000003
2 0.900703125 0.3092190833333333 0.0668749999999999 0.06666600000000004
2 0.916015625 0.36640591666666666 0.08374999999999999 0.09333400000000003
2 0.9653515625 0.27666666666666667 0.06625000000000003 0.08416699999999999
2 0.977734375 0.5838545 0.04312499999999997 0.11083299999999996
