1 0.2487109375 0.6562204369501465 0.26375 0.16697900000000002
1 0.0556640625 0.6212659237536656 0.1125 0.10788
1 0.0622265625 0.49888837829912025 0.03375 0.016886000000000012
1 0.1888671875 0.5107922052785924 0.023125000000000007 0.025328000000000045
1 0.4165625 0.5739353782991202 0.017500000000000016 0.01688599999999993
1 0.4629296875 0.5641446539589443 0.006249999999999978 0.018761999999999907
1 0.525859375 0.5463206539589442 0.012499999999999956 0.019700000000000023
1 0.5803515625 0.6719695835777126 0.034375000000000044 0.04033799999999999
1 0.611953125 0.6879175835777126 0.03687499999999999 0.04033700000000002
1 0.618359375 0.5444446539589443 0.012499999999999956 0.017824000000000128
1 0.6573828125 0.7135367565982405 0.041874999999999996 0.03095700000000004
1 0.6466796875 0.5269128269794722 0.006249999999999978 0.009380999999999954
1 0.6728125 0.5317213782991203 0.01749999999999996 0.01500999999999995
1 0.6899609375 0.5242173782991202 0.014375000000000027 0.016885000000000035
1 0.759375 0.5028774809384164 0.03312499999999996 0.027204999999999913
