2 0.3583984375 0.7260285185185185 0.030000000000000027 0.03794500000000002
2 0.3951953125 0.7619920617283951 0.05812499999999998 0.05849799999999999
2 0.405625 0.6376416790123456 0.03125 0.02529699999999999
2 0.4083203125 0.8168393827160494 0.026874999999999982 0.03241200000000005
2 0.4605078125 0.6472699259259259 0.04125000000000001 0.05375500000000004
2 0.492734375 0.7694524938271604 0.04375000000000001 0.05612700000000008
2 0.5224609375 0.5581371975308642 0.04625000000000001 0.06324099999999994
2 0.54234375 0.8620847407407407 0.055625000000000036 0.08379400000000005
2 0.5373046875 0.7512273827160494 0.038124999999999964 0.03399199999999994
2 0.6124609375 0.5725173580246914 0.04625000000000001 0.05138299999999992
2 0.646171875 0.663133950617284 0.05875000000000008 0.03557299999999997
2 0.6543359375 0.843316925925926 0.04625000000000001 0.05375499999999989
2 0.70234375 0.6836869506172839 0.024374999999999925 0.03636399999999999
2 0.7151953125 0.38961595061728393 0.02562500000000001 0.036364000000000056
2 0.860078125 0.6452012469135803 0.03687499999999999 0.027668000000000033
