2 0.1016015625 0.5157400058737152 0.065625 0.08270699999999999
2 0.20578125 0.4612880044052863 0.03937499999999999 0.06297000000000007
2 0.4616015625 0.5207915785609398 0.06562499999999999 0.10150299999999998
2 0.474140625 0.22943971806167401 0.02124999999999999 0.055451000000000014
2 0.518515625 0.34668600293685753 0.020625000000000004 0.04229300000000001
2 0.524140625 0.9831408590308371 0.020000000000000018 0.028194999999999956
2 0.5946875 0.1724614302496329 0.016874999999999973 0.026315999999999992
2 0.695 0.8028555991189427 0.18937500000000007 0.39003699999999986
2 0.6241015625 0.079063718061674 0.03374999999999995 0.05545100000000001
2 0.638203125 0.125115718061674 0.03687499999999999 0.05357200000000001
2 0.662265625 0.45059743171806166 0.020625000000000004 0.046053000000000024
2 0.745390625 0.29622771659324526 0.020625000000000004 0.03477500000000002
