2 0.2247757469879518 0.818655125 0.34556 0.19324599999999992
2 0.14634644578313252 0.6097510625 0.18146700000000002 0.14383900000000005
2 0.1493584939759036 0.4045459375 0.187258 0.14008700000000002
2 0.12062698795180722 0.15835825 0.12355200000000002 0.07191999999999998
2 0.18882304819277107 0.243459375 0.258687 0.168855
2 0.5094433132530121 0.19710325 0.289575 0.165728
2 0.7819176265060241 0.817404125 0.3291499999999999 0.19262
2 0.7840339036144579 0.19116675 0.24034700000000003 0.150094
2 0.8280867590361446 0.59579475 0.221042 0.14884299999999995
2 0.8283946867469878 0.381680375 0.21332000000000015 0.13821099999999997
