2 0.10914062499999999 0.536875 0.14625000000000002 0.41000000000000003
2 0.1911328125 0.1403125 0.10500000000000001 0.205
2 0.214375 0.757890625 0.0625 0.3025
2 0.6234375 0.481953125 0.04875000000000007 0.19500000000000006
2 0.650859375 0.329765625 0.012499999999999956 0.020000000000000018
2 0.7719921875 0.423359375 0.021874999999999978 0.07750000000000001
2 0.7789453125 0.327265625 0.02562500000000001 0.08250000000000002
2 0.7931640625 0.4975 0.01937499999999992 0.06375000000000003
2 0.80765625 0.301640625 0.040000000000000036 0.05375000000000002
2 0.8089453125 0.356796875 0.026874999999999982 0.05874999999999997
2 0.9008203125 0.532890625 0.025624999999999898 0.053750000000000075
2 0.9105859375 0.380703125 0.014999999999999902 0.0675
2 0.9488671875 0.479921875 0.023125000000000062 0.09249999999999997
