1 0.01171875 0.272734375 0.025833 0.04437500000000005
1 0.09255241666666665 0.2759375 0.1075 0.04812499999999997
1 0.1801045 0.3159375 0.173333 0.08000000000000002
1 0.25796875 0.27765625 0.08666700000000001 0.04062500000000002
1 0.6112496666666667 0.5746875 0.7733340000000001 0.45375
1 0.34723991666666665 0.27890625 0.093333 0.03937499999999999
1 0.4459378333333333 0.27890625 0.09083300000000001 0.03937499999999999
1 0.5447399166666668 0.2798828125 0.09333299999999996 0.04124999999999995
1 0.6324996666666668 0.2798828125 0.08416700000000003 0.04124999999999995
1 0.6985940833333334 0.2740234375 0.034166000000000064 0.029374999999999984
1 0.7877600833333332 0.2798046875 0.03583400000000007 0.03750000000000003
1 0.9133333333333332 0.3280859375 0.16916700000000015 0.07687500000000003
1 0.8966666666666666 0.2759765625 0.08416700000000003 0.03437499999999999
